0.5232057665433539
0.5939495510114992
0.08000744303132779
0.4452867095872167
0.721060763291338
0.815195934840783
0.885305522893685
0.6989861642646844
0.5353985782377115
0.02443777460099028
0.8656027496820334
0.08472208004239579
0.3104536593676803
0.8347049414349166
0.9873865299334856
0.5459745617317197
0.9105341530041571
0.6642837865443922
0.4575324683843449
0.4510521635492678
0.23423460176326416
0.5311592113804839
0.507120361458942
0.1296927950470983
0.1639104981650985
0.15508221439906578
0.20303217712037402
0.6798074826729672
0.356683666295735
0.973027186833905
